﻿5662MLJT;' 23121910325440942648817;63113127;billpay_billpay_agent_khr;KHR;704,500.00;2000;400;30,073,400.00; 0998820220190001; MEY PHEAKDEY; ; N/A; 0716115656; 2100; 704300; 400000000000106951; d19fc32c99f444d683e64a0660009489;Success;2023-12-19 17:32:54
4L5M6YY3;' 23121910151311572025558;63043170;billpay_billpay_agent_khr;KHR;433,600.00;2000;400;29,368,500.00; 0277702200480009; Oeur Thien; ; N/A; 011325962; 21100; 433600; 400000000000106945; b3c6ec1a9342465494f2c5e3c24f6ae9;Success;2023-12-19 17:15:13
59735ZMV;' 23121910102045623171463;42153037;billpay_billpay_agent_khr;KHR;1,188,800.00;2000;400;28,934,500.00; 0468810230410004; MIK KIB; ; N/A; 0972536097; 2300; 750000; 400000000000106941; a530cba2eabd4498915ab182f8d0f1cd;Success;2023-12-19 17:10:20
4ZDW0T72;' 23121910054516583063043;76023149;billpay_billpay_agent_khr;KHR;1,740,700.00;2000;400;27,745,300.00; 1088804213560002; SAT SOKLY; ; N/A; 0974669343; 1400; 1739300; 400000000000106940; a2b839fd40ee4cea84821d03b14bab79;Success;2023-12-19 17:05:45
62JTYU5U;' 23121909332587913385523;24033147;billpay_billpay_agent_khr;KHR;42,700.00;2000;400;26,004,200.00; 0138851230380002; SIEM KOEURN; ; N/A; 0979752600; 0; 42700; 400000000000106927; 82acb9716f5342cc8bd8ddd9a69668c5;Success;2023-12-19 16:33:25
4X73VVMY;' 23121909245430176165852;52043184;billpay_billpay_agent_khr;KHR;604,000.00;2000;400;25,961,100.00; 0378823212380001; NGET CHHEN; ; N/A; 0975288900; 66900; 1202000; 400000000000106922; b7ee972b5bed492784728368a58c6d27;Success;2023-12-19 16:24:54
4PZQDKDD;' 23121908571518620154700;63113127;billpay_billpay_agent_khr;KHR;531,500.00;2000;400;25,356,700.00; 0998810221100001; YORN VAN; ; N/A; 0716115656; 0; 531500; 400000000000106917; 973f22ef419e49b7ac9c42538a80349f;Success;2023-12-19 15:57:15
66YH5QNV;' 23121908445394030625640;42023126;billpay_billpay_agent_khr;KHR;176,400.00;2000;400;24,824,800.00; 0457702210770001; THOR SOKLIM; ; N/A; 012270528; 0; 176400; 400000000000106909; 649c5b83065044599f5b48330c4471f6;Success;2023-12-19 15:44:53
52HUVHDR;' 23121908423935301006146;76023149;billpay_billpay_agent_khr;KHR;437,900.00;2000;400;24,648,000.00; 1088810213420001; SOK DAVY; ; N/A; 0714068405; 300; 437600; 400000000000106907; 25f32514761c4800a0da20214143176f;Success;2023-12-19 15:42:39
57V8MD2B;' 23121908190143631368358;54053021;billpay_billpay_agent_khr;KHR;526,100.00;2000;400;24,209,700.00; 0298810222440002; NGOR SAVOEURN; ; N/A; 092874859; 0; 526100; 400000000000106894; 319bca78e9e947069602fce4abe6cfe1;Success;2023-12-19 15:19:01
60CGQ7JE;' 23121908151884488656466;42153165;billpay_billpay_agent_khr;KHR;1,081,800.00;2000;400;23,683,200.00; 1188802230810002; Chhoeurn Than; ; N/A; 017294098; 800; 1081000; 400000000000106891; 3f7bd1f68ef44b369e41d35694fd15fe;Success;2023-12-19 15:15:18
58VR8JZ8;' 23121908124745201021237;76063132;billpay_billpay_agent_khr;KHR;389,400.00;2000;400;22,601,000.00; 1088801223550001; BO SOMBAT; ; N/A; 0887291671; 300; 389100; 400000000000106887; 28475d1c19fd45baabcf3323fa65b26f;Success;2023-12-19 15:12:47
5S1SY0U0;' 23121908103674735754656;62033216;billpay_billpay_agent_khr;KHR;859,400.00;2000;400;22,211,200.00; 0238802231150001; LANG YA; ; N/A; 015750352; 0; 859400; 400000000000106885; 264b172640704a1898a2ac1a86e43558;Success;2023-12-19 15:10:36
4R45Y0SN;' 23121908075820773170873;33033136;billpay_billpay_agent_khr;KHR;2,437,800.00;2000;400;21,351,400.00; 0738812231790004; KHEAN SREYMOM; ; N/A; 0887787606; 1800; 2436000; 400000000000106883; b8f9f7d8b9bf473cbdfe0f453050885c;Success;2023-12-19 15:07:58
4LTNT4YH;' 23121908015712664721248;32083207;billpay_billpay_agent_khr;KHR;1,394,800.00;2000;400;18,913,200.00; 0898810231860001; CHEA SOKLY; ; N/A; 0964590163; 1100; 1393700; 400000000000106878; 1370090d769e449581a7a9d2591776bd;Success;2023-12-19 15:01:57
5AURJMBJ;' 23121907514248245636131;52013212;billpay_billpay_agent_khr;KHR;115,600.00;2000;400;17,518,000.00; 1048804220410001; EM CHANY; ; N/A; 066911151; 900; 114700; 400000000000106869; e902ca9c47ab4862bb9ae8597aafc545;Success;2023-12-19 14:51:42
4XHZR5FG;' 23121907435630658413734;52043184;billpay_billpay_agent_khr;KHR;319,900.00;2000;400;17,402,000.00; 0377702201460001; KOY DY; ; N/A; 078737037; 11900; 241300; 400000000000106864; a684900e1bb446f6a877603f20c23ba4;Success;2023-12-19 14:43:56
4HR1NLYS;' 23121907263806365024702;62063166;billpay_billpay_agent_khr;KHR;374,500.00;2000;400;17,081,700.00; 0248802213410501; TUON TRY; ; N/A; 0713020329; 300; 373900; 400000000000106851; 125c76d2e06e4f2d914c4ad274191618;Success;2023-12-19 14:26:38
5VVGJ8WT;' 23121907162180717252656;62063166;billpay_billpay_agent_khr;KHR;1,140,000.00;2000;400;16,706,800.00; 1237706191010001; UCH SAMNANG; ; N/A; 0713020329; 26900; 1113000; 400000000000106839; c165c8639cc54589a817d0f98df8a300;Success;2023-12-19 14:16:21
66K5FLPR;' 23121907143194105860802;23063181;billpay_billpay_agent_khr;KHR;552,500.00;2000;400;15,566,400.00; 0858810230960003; MAK HUN; ; N/A; 098996333; 400; 552100; 400000000000106837; f2f4b347783c478c9d10a2114c035cd4;Success;2023-12-19 14:14:31
5H6EJHPY;' 23121907021657951444120;76063161;billpay_billpay_agent_khr;KHR;82,800.00;2000;400;15,013,500.00; 0448804222910501; Van Leangsry; ; N/A; 081353218; 100; 82700; 400000000000106822; 709dff4010fe44e9b93807002bbdaa69;Success;2023-12-19 14:02:16
5PENNPVB;' 23121907013970685556602;74053161;billpay_billpay_agent_khr;KHR;60,300.00;2000;400;14,930,300.00; 0078804221330502; MEAS SARAN; ; N/A; 0976030508; 300; 60000; 400000000000106821; d1d1efb53eb84229a7fed2d7e83864b2;Success;2023-12-19 14:01:39
5RNYK0A4;' 23121907010074177255076;42083131;billpay_billpay_agent_khr;KHR;1,062,900.00;2000;400;14,869,600.00; 1217706210320004; Y SAY; ; N/A; 092669676; 0; 1062900; 400000000000106819; 46d874e767884d1da90b6e47fbf1446b;Success;2023-12-19 14:01:00
4XSZUBN5;' 23121906504731158337816;12044453;billpay_billpay_customer_khr;KHR;581,700.00;2000;400;46,107,000.00; 1418810212420001; PHOUT RATH; ; N/A; 0978382286; 1800; 579900; 400000000000106814; 923438eb1aaa4437bb9a8d3afb8e5b3b;Success;2023-12-19 13:50:47
6874BTYW;' 23121906383696603332180;32093247;billpay_billpay_agent_khr;KHR;50,000.00;2000;400;45,524,900.00; 1757702202790002; SOY SOVANNARITH; ; N/A; 0964626563; 200; 267000; 400000000000106807; 781f93384c5a4f22bff21e504c2dfa5a;Success;2023-12-19 13:38:36
574AXV3C;' 23121906161242407758058;64043017;billpay_billpay_agent_khr;KHR;664,300.00;2000;400;45,474,500.00; 1497704211720001; LIN HOEUNG; ; N/A; 0712079312; 16100; 664300; 400000000000106797; 034a0e8bd5ec4a94945bc6bc2822c0cd;Success;2023-12-19 13:16:12
5CDB2JKJ;' 23121906004450540805147;72043154;billpay_billpay_agent_khr;KHR;473,800.00;2000;400;44,809,800.00; 0558801230510001; SA RA; ; N/A; 0978299997; 400; 473400; 400000000000106783; 7286762b9695437491069173bd7fce10;Success;2023-12-19 13:00:44
5BWAH7LA;' 23121905443649858518772;42153037;billpay_billpay_agent_khr;KHR;858,000.00;2000;400;44,335,600.00; 0468810220970002; CHEANG SRORN; ; N/A; 0719755138; 600; 858000; 400000000000106778; 4331cca6ddbd4a4c9732fe740d70c6e0;Success;2023-12-19 12:44:36
57F8SCZ3;' 23121905232542904666558;36013022;billpay_billpay_agent_khr;KHR;300,000.00;2000;400;43,477,200.00; 1438823222660001; TOEM DY; ; N/A; 0975613575; 11100; 932100; 400000000000106772; abfa3e9e645d4edb9e0a7b249a300ed0;Success;2023-12-19 12:23:25
4Q38279E;' 23121904532519186354047;43093041;billpay_billpay_agent_khr;KHR;2,233,200.00;2000;400;43,176,800.00; 0748810222200002; OEUN CHANTHA; ; N/A; 0717740101; 60300; 2172900; 400000000000106760; 1b29e9bcec6441938a5f9e8d71f4a78c;Success;2023-12-19 11:53:25
5991HC2R;' 23121904415145711883600;62013239;billpay_billpay_agent_khr;KHR;1,084,900.00;2000;400;40,943,200.00; 0218810220250501; Chhom Horng; ; N/A; 0717347859; 800; 1084100; 400000000000106755; 1f9c5230d5e04e83bef2f8261e545c86;Success;2023-12-19 11:41:51
4USU9VUM;' 23121904404426531161578;53143156;billpay_billpay_agent_khr;KHR;1,832,500.00;2000;400;39,857,900.00; 1048810230820002; An Raing; ; N/A; 069333947; 8300; 1832500; 400000000000106753; b5ac4dc608dc4349a296c0084c482402;Success;2023-12-19 11:40:44
4HC3YKTP;' 23121903504605686006301;53053063;billpay_billpay_agent_khr;KHR;537,600.00;2000;400;38,025,000.00; 0658804231430004; PAN VANNA; ; N/A; 093222157; 1600; 537600; 400000000000106740; a5478aa00fb74653b6eac020c57dd192;Success;2023-12-19 10:50:46
5FBNAF4D;' 23121903275055100720131;62083180;billpay_billpay_agent_khr;KHR;259,900.00;2000;400;37,487,000.00; 0258823231650001; CHHOEURN HOL; ; N/A; 0883480776; 1000; 258900; 400000000000106733; f4709240b74e4a73bb0badc00432ea0a;Success;2023-12-19 10:27:50
4DZC7K8R;' 23121903262300063610116;11271969;billpay_billpay_customer_khr;KHR;346,400.00;2000;400;37,226,700.00; 1468810220480002; VA CHANTHA; ; N/A; 095383427; 5200; 346400; 400000000000106731; 7953f6800c4547d396d4041bb76e0da1;Success;2023-12-19 10:26:23
5E1R6AUT;' 23121902563053106751843;76063071;billpay_billpay_agent_khr;KHR;257,000.00;2000;400;36,879,900.00; 1518823230470001; HORNG MARY; ; N/A; 0718774775; 200; 256800; 400000000000106718; dfde8c9550c8462c9420b5df827d87b3;Success;2023-12-19 09:56:30
5UWW6ATR;' 23121902404979238803868;25063187;billpay_billpay_agent_khr;KHR;411,900.00;2000;400;36,622,500.00; 1388823230510001; CHEAM YA; ; N/A; 0964949130; 400; 411500; 400000000000106707; 42e080db98b044808ca12d1761a83295;Success;2023-12-19 09:40:49
50YTB0TP;' 23121902242932254753022;62083158;billpay_billpay_agent_khr;KHR;362,900.00;2000;400;36,210,200.00; 0258802230720003; RON SOCHEA; ; N/A; 017535276; 300; 362600; 400000000000106704; 8e3a239a3f784ea09627261c5484c2fc;Success;2023-12-19 09:24:29
4WM51KTQ;' 23121902090529314445427;53143156;billpay_billpay_agent_khr;KHR;360,000.00;2000;400;35,846,900.00; 1048801212860001; Oeurn Sreymom; ; N/A; 0886143138; 300; 359800; 400000000000106702; e4ad296b1cf24fc3a5d5cf781e8f38b7;Success;2023-12-19 09:09:05
66PGMS8U;' 23121901504394348076651;63123135;billpay_billpay_agent_khr;KHR;507,400.00;2000;400;35,486,500.00; 0728810213270502; Uch Som Iet; ; N/A; 068246659; 400; 507000; 400000000000106690; d9920731cddf4ff1a2b7124e3f42c924;Success;2023-12-19 08:50:43
5EBWBUJP;' 23121901483253568017823;53143129;billpay_billpay_agent_khr;KHR;47,700.00;2000;400;34,978,700.00; 0818810212640501; HAN HUN; ; N/A; 0886020077; 0; 47700; 400000000000106688; 72a7e2557a3a4ba8811d202f739d470c;Success;2023-12-19 08:48:32
5YBR2QCV;' 23121900583259740204215;75023048;billpay_billpay_agent_khr;KHR;1,713,900.00;2000;400;34,930,600.00; 0158801233210002; TEANG PLEN; ; N/A; 0973929704; 0; 1713900; 400000000000106673; aca4cb42141e4eab958ed0e42d1e0e79;Success;2023-12-19 07:58:32
4ZU61ZRY;' 23121900495017320850330;23033601;billpay_billpay_agent_khr;KHR;458,000.00;2000;400;33,216,300.00; 1668802221240001; PO TO; ; N/A; 069448415; 1400; 456600; 400000000000106667; 4bcd1314c19b4b0fbc84ec74e17a4652;Success;2023-12-19 07:49:50
5BL1DFD7;' 23121823285049347375427;72013168;billpay_billpay_agent_khr;KHR;456,800.00;2000;400;32,757,900.00; 0568802222500001; LUN CHOEP; ; N/A; 0972537711; 300; 456800; 400000000000106653; 7f9061533d8e461e9c65cca1d7cb65ec;Success;2023-12-19 06:28:50
